value(8,13,9,71,65)
value(3,12,9,70,65)
value(9,13,8,71,63)
value(8,12,8,70,63)
value(7,13,7,71,62)
value(1,12,7,70,62)
value(9,12,10,70,60)
value(7,11,10,64,60)
value(9,13,2,67,58)
value(8,12,2,66,58)
value(4,11,2,61,58)
value(1,13,1,67,56)
value(4,12,1,66,56)
value(2,11,1,61,56)
value(8,13,13,72,55)
value(2,12,13,70,55)
value(1,11,13,64,55)
value(3,10,13,59,55)
value(7,11,6,61,54)
value(8,10,6,57,54)
value(4,13,5,69,52)
value(3,12,5,68,52)
value(1,11,5,61,52)
value(2,10,5,57,52)
value(9,13,12,72,50)
value(6,12,12,70,50)
value(4,11,12,64,50)
value(2,10,12,59,50)
value(1,9,12,53,50)
value(4,12,11,70,49)
value(2,11,11,64,49)
value(1,10,11,59,49)
value(3,9,11,53,49)
value(9,10,7,57,48)
value(5,9,7,53,48)
value(7,9,10,53,43)
value(8,8,10,47,43)
value(9,13,4,69,41)
value(7,12,4,68,41)
value(5,11,4,61,41)
value(3,10,4,57,41)
value(8,9,4,51,41)
value(1,8,4,46,41)
value(3,11,3,61,39)
value(1,10,3,57,39)
value(4,9,3,51,39)
value(2,8,3,46,39)
value(9,9,2,51,36)
value(6,8,2,46,36)
value(5,7,2,45,36)
value(3,8,1,46,35)
value(1,7,1,45,35)
value(9,7,13,44,34)
value(7,6,13,38,34)
value(4,9,9,53,33)
value(5,8,9,47,33)
value(9,7,9,42,33)
value(2,6,9,38,33)
value(5,10,8,57,31)
value(2,9,8,53,31)
value(9,8,8,47,31)
value(7,7,8,42,31)
value(6,6,8,38,31)
value(8,7,12,44,29)
value(9,6,12,38,29)
value(4,5,12,32,29)
value(5,8,5,46,28)
value(9,7,5,40,28)
value(8,6,5,37,28)
value(7,5,5,30,28)
value(9,6,4,37,26)
value(1,5,4,30,26)
value(9,5,7,30,24)
value(7,4,7,27,24)
value(4,8,6,46,22)
value(8,7,6,40,22)
value(3,6,6,37,22)
value(2,5,6,30,22)
value(1,4,6,27,22)
value(8,6,11,38,20)
value(9,5,11,32,20)
value(2,4,11,27,20)
value(3,3,11,23,20)
value(9,4,8,27,18)
value(6,3,8,23,18)
value(9,3,13,23,12)
value(7,2,13,19,12)
value(1,1,13,15,12)
value(8,3,12,23,11)
value(9,2,12,19,11)
value(6,1,12,15,11)
value(4,6,10,38,10)
value(2,5,10,32,10)
value(3,4,10,27,10)
value(1,3,10,23,10)
value(5,2,10,17,10)
value(8,1,10,14,10)
value(6,4,9,27,9)
value(2,3,9,23,9)
value(8,2,9,17,9)
value(9,1,9,14,9)
value(4,2,7,16,8)
value(8,1,7,4,8)
value(1,2,6,16,7)
value(7,1,6,4,7)
value(7,2,5,16,6)
value(9,1,5,4,6)
value(7,3,4,21,5)
value(9,2,4,16,5)
value(3,5,3,30,3)
value(9,4,3,25,3)
value(5,3,3,21,3)
value(8,2,3,16,3)
value(5,5,2,30,2)
value(8,4,2,25,2)
value(1,3,2,21,2)
value(6,2,2,16,2)
value(3,1,2,13,2)
value(6,4,1,25,1)
value(4,3,1,21,1)
value(2,2,1,16,1)
value(1,1,1,13,1)
::endmodel
